  2.0000000e+000  2.9340069e+000  2.2034439e+000  4.3139530e+000  2.8770797e+000  2.8146559e+000  3.6314408e+000  2.9981579e+000  2.3319649e+000  1.1724677e+000  3.5928865e+000
  2.0000000e+000  2.8368659e+000  3.4660027e+000  4.0384293e+000  3.3545299e+000  2.2292605e+000  4.4845009e+000  5.1368338e-001  2.5520750e+000  2.2373547e+000  1.6830311e+000
  2.0000000e+000  2.8598687e+000  2.8279619e+000  3.0053168e+000  2.9340563e+000  3.4408616e+000  2.2120239e+000  4.2738270e+000  1.9943752e+000  2.6424123e+000  2.9805984e+000
  2.0000000e+000  4.0799431e+000  3.6312429e+000  2.0484471e+000  3.7229531e+000  3.2456028e+000  3.1789217e+000  3.2017950e+000  4.3185076e+000  3.4860092e+000  1.7937293e+000
  2.0000000e+000  1.5637054e+000  2.4979947e+000  3.2063586e+000  3.1911621e+000  3.2355757e+000  3.0510899e+000  2.4420551e+000  4.0998958e+000  1.5449742e+000  5.1068252e+000
  2.0000000e+000  3.7680143e+000  4.2691952e+000  8.5603474e-001  3.1468888e+000  5.0674614e+000  1.7783020e+000  1.7889357e+000  1.7379887e+000  3.6643742e+000  3.8830766e+000
  2.0000000e+000  2.4832174e+000  3.3480945e+000  2.2865624e+000  3.2890650e+000  2.1651432e+000  3.6028182e+000  3.2909380e+000  2.8908081e+000  1.9399282e+000  2.6935952e+000
  2.0000000e+000  2.3832336e+000  3.0582226e+000  4.2965060e+000  4.2784610e+000  1.5068670e+000  2.4752903e+000  2.7611822e+000  3.9110080e+000  2.0920861e+000  3.0389285e+000
  2.0000000e+000  2.7720345e+000  3.3647564e+000  9.6101644e-001  3.7475219e+000  3.0518101e+000  2.5620580e+000  2.6040968e+000  5.6301362e+000  3.7532923e+000  3.1399358e+000
  2.0000000e+000  3.9633753e+000  2.2123736e+000  2.3118333e+000  2.4834644e+000  3.4438760e+000  2.1459093e+000  4.3614370e+000  3.6704623e+000  3.8089396e+000  1.1292651e+000
  2.0000000e+000  2.7926894e+000  5.2480021e+000  3.2684981e+000  3.9694726e+000  2.8857496e+000  4.2743143e+000  3.4107691e+000  2.5738693e+000  3.6309135e+000  2.8255532e+000
  1.0000000e+000  2.0599237e+000  2.0645042e+000  3.4778563e+000  4.5493558e+000  3.5087803e+000  3.8767799e+000  3.4159671e+000  3.3298412e+000  4.2054911e+000  1.7986247e+000
  2.0000000e+000  4.1266590e+000  8.7338040e-001  3.7265619e+000  2.7448255e+000  4.6105877e+000  5.0313417e+000  2.5455340e+000  3.6436016e+000  2.4251793e+000  4.1154033e+000
  2.0000000e+000  3.8025492e+000  3.5160007e+000  3.2400922e+000  3.3336228e+000  2.7933983e+000  3.0300016e+000  1.5519501e+000  3.9917383e+000  2.0052438e+000  3.5305425e+000
  2.0000000e+000  1.4933889e+000  4.9225830e+000  3.1588437e+000  1.8980132e+000  3.9205481e+000  3.3692765e+000  2.5563126e+000  3.2684944e+000  4.0802025e+000  4.9395656e+000
  2.0000000e+000  3.4195477e+000  2.5431952e+000  3.5006158e+000  3.0100193e+000  2.0604217e+000  4.9024324e+000  3.1431785e+000  2.4438717e+000  3.1683773e+000  1.8539254e+000
  2.0000000e+000  2.2690783e+000  1.3798039e+000  2.1882302e+000  3.2467526e+000  2.8542094e+000  3.0235006e+000  2.5861637e+000  2.2851544e+000  1.5171400e+000  2.7434849e+000
  2.0000000e+000  1.9592283e+000  2.3818436e+000  3.0466282e+000  1.4937316e+000  2.4415233e+000  3.6744192e+000  5.1802162e+000  3.4905403e+000  3.2410104e+000  1.8206658e+000
  2.0000000e+000  2.6671348e+000  5.5744585e+000  2.7350547e+000  3.1844769e+000  1.7934039e+000  4.8334784e+000  4.3897728e+000  2.8920507e+000  3.1156455e+000  2.7952656e+000
  2.0000000e+000  2.6850136e+000  2.6524253e+000  3.5732826e+000  3.1801414e+000  3.8942392e+000  2.5347176e+000  1.6533343e+000  1.9534213e+000  2.7038773e+000  3.2774878e+000
  2.0000000e+000  1.5116591e+000  6.0039877e-001  2.9717911e+000  3.8656987e+000  3.0846607e+000  3.0106371e+000  5.1127794e+000  2.6358513e+000  4.0443425e+000  1.7695586e+000
  2.0000000e+000  2.5247828e+000  2.2031915e+000  4.2173403e+000  3.5397349e+000  2.7237918e+000  2.7387043e+000  3.3560962e+000  2.1301988e+000  3.2017154e+000  3.3699468e+000
  2.0000000e+000  3.0531922e+000  1.5683025e+000  4.3005515e+000  1.5094137e+000  3.3607417e+000  1.9637380e+000  3.7899771e+000  2.7138538e+000  4.8953869e+000  3.8010261e+000
  1.0000000e+000  2.2826860e+000  1.5136876e+000  2.5899458e+000  2.3446375e+000  2.5792408e+000  2.9288898e+000  3.6162949e+000  3.0594267e+000  3.3899015e+000  1.8494299e+000
  2.0000000e+000  2.4490458e+000  3.4701454e+000  1.3501212e+000  2.5267713e+000  2.3333484e+000  1.8577649e+000  3.4029490e+000  1.9133677e+000  1.7652140e+000  1.7447575e+000
  2.0000000e+000  3.2894127e+000  2.9156934e+000  1.4752760e+000  3.9629923e+000  3.2681572e+000  6.4798230e-001  3.5163976e+000  4.0953002e+000  2.9679722e+000  3.9640393e+000
  2.0000000e+000  3.2957378e+000  2.0923881e+000  4.4818995e+000  2.9435431e+000  2.5426822e+000  4.6888304e+000  1.9716291e+000  2.3443528e+000  4.5514452e+000  1.6566908e+000
  2.0000000e+000  2.3215253e+000  3.2769206e+000  4.7236072e+000  3.3185300e+000  3.8666564e+000  4.3674739e+000  2.9299313e+000  2.6128882e+000  3.7844247e+000  2.3246419e+000
  1.0000000e+000  2.9200007e+000  3.5458351e+000  1.6405483e+000  2.4871869e+000  3.8616957e+000  2.0138989e+000  4.5565919e+000  3.9602153e+000  2.9056781e+000  2.0364979e+000
  2.0000000e+000  3.0338542e+000  3.4692490e+000  3.2526441e+000  2.3074007e+000  3.3419471e+000  3.8386525e+000  3.0951927e+000  2.2307947e+000  3.1095759e+000  3.5376450e+000
  2.0000000e+000  3.6984212e+000  3.2484220e+000  3.1532479e+000  3.2550095e+000  3.7507712e+000  2.6709071e+000  4.5351416e+000  4.2886269e+000  4.2455036e+000  2.6186727e+000
  2.0000000e+000  2.4478762e+000  3.5879562e+000  2.0936141e+000  3.3581890e+000  2.5670652e+000  3.7257909e+000  3.2683511e+000  2.7132845e+000  2.4173461e+000  1.2570864e+000
  2.0000000e+000  2.6724767e+000  3.5634736e+000  3.6496191e+000  3.7278157e+000  3.4432319e+000  1.4052429e+000  1.9122359e-001  2.4934580e+000  5.4326244e+000  2.9216696e+000
  2.0000000e+000  4.3493717e+000  3.1066741e+000  2.0227543e+000  2.7101587e+000  2.1716755e+000  2.7332369e+000  2.3954524e+000  3.5891699e+000  2.5023704e+000  4.0721243e+000
  2.0000000e+000  4.3406904e+000  2.8177036e+000  2.3330207e+000  2.7238257e+000  3.8850369e+000  3.2202107e+000  2.9439960e+000  1.3328956e+000  2.2829627e+000  2.2513746e+000
  2.0000000e+000  1.6414342e+000  2.8459727e+000  2.4982949e+000  3.4019061e+000  4.7162470e+000  3.7859402e+000  3.0151405e+000  4.0382425e+000  3.5111681e+000  3.8910165e+000
  2.0000000e+000  2.6738104e+000  2.5400445e+000  1.3799694e+000  3.6571001e+000  2.9797997e+000  4.4839072e+000  3.6104921e+000  2.5381688e+000  3.4209981e+000  2.5659112e+000
  2.0000000e+000  3.2066981e+000  4.1302816e+000  1.6180162e+000  3.8227656e+000  1.6312084e+000  1.5332410e+000  3.0155354e+000  2.4841703e+000  2.1395547e+000  4.7855577e+000
  1.0000000e+000  3.1473808e+000  2.8387326e+000  3.1653439e+000  2.9959942e+000  2.8533965e+000  5.1198250e-001  2.7316501e+000  3.6242285e+000  2.2427606e+000  4.3625876e+000
  2.0000000e+000  4.3071810e+000  3.3747496e+000  4.6294432e+000  2.3340517e+000  3.5197812e+000  3.9239392e+000  3.5369350e+000  4.2654290e+000  2.4300730e+000  4.4614388e+000
  2.0000000e+000  3.0993725e+000  2.8823362e+000  1.6715977e+000  3.9571938e+000  1.9079586e+000  4.9477282e+000  2.3453567e+000  2.4653979e+000  3.3026366e+000  5.0186078e+000
  2.0000000e+000  3.4060806e+000  2.2120760e+000  2.2138422e+000  2.5775867e+000  4.6027200e+000  3.0538762e+000  3.0564750e+000  2.0924116e+000  2.4614181e+000  5.1846884e+000
  2.0000000e+000  2.2492992e+000  3.1595414e+000  1.9263405e+000  3.1343678e+000  3.5461112e+000  3.5524882e+000  2.4314802e+000  2.3390849e+000  1.4986859e+000  2.4700748e+000
  2.0000000e+000  2.6896742e+000  3.1143101e+000  2.9737654e+000  4.0181650e+000  2.9686675e+000  2.7311959e+000  2.6296162e+000  2.6603326e+000  2.6814853e+000  3.1976365e+000
  2.0000000e+000  3.8965550e+000  4.3395947e+000  2.2698301e+000  1.6346563e+000  2.4449101e+000  3.8234290e+000  1.9811951e+000  2.5437079e+000  3.6722130e+000  3.9690334e+000
  2.0000000e+000  3.2518407e+000  2.6394046e+000  2.2812024e+000  4.4926315e+000  4.9283752e+000  3.9922843e+000  3.8265451e+000  8.0261142e-001  1.7691009e+000  2.0508365e+000
  2.0000000e+000  4.2424078e+000  3.7618741e+000  4.8613581e+000  4.1013941e+000  3.1201487e+000  3.0137170e+000  2.9623326e+000  4.3018660e+000  2.1205854e+000  3.3107559e-001
  2.0000000e+000  4.1081020e+000  2.0930111e+000  4.1581584e+000  4.1097119e+000  4.8686402e+000  3.1893983e+000  1.8009523e+000  4.1532848e+000  2.8737023e+000  3.5994289e+000
  1.0000000e+000  3.5414773e+000  4.0503393e+000  5.1014961e+000  2.9377808e+000  2.2022055e+000  2.3796332e+000  1.4929172e+000  3.7714800e+000  1.9431898e+000  1.7828104e+000
  2.0000000e+000  4.0336684e+000  3.2560600e+000  1.5888636e+000  2.5113716e+000  2.2582051e+000  3.8284275e+000  4.2579371e+000  3.8189769e+000  3.6013967e+000  2.5482504e+000
  1.0000000e+000  3.4584308e+000  2.5574772e+000  4.1457692e+000  4.4748608e+000  1.5947056e+000  2.9926735e+000  2.4457364e+000  3.2469123e+000  4.0486776e+000  2.2837960e+000
  2.0000000e+000  3.6221599e+000  3.3291712e+000  2.7449813e+000  4.6840417e+000  3.0870335e+000  4.4737671e+000  4.3468246e+000  3.5287908e+000  5.2224402e+000  2.7751418e+000
  2.0000000e+000  1.3025848e+000  1.9774934e+000  2.1651178e+000  2.5258605e+000  2.5535711e+000  1.8532342e+000  4.3082378e+000  2.4931795e+000  1.7854311e+000  4.0280105e+000
  2.0000000e+000  2.6525483e+000  3.4277504e+000  3.3633312e+000  3.2119402e+000  2.3731728e+000  3.9336682e+000  1.3480600e+000  2.5021958e+000  2.9560234e+000  3.6021125e+000
  2.0000000e+000  1.4805469e+000  2.9517539e+000  1.8532288e+000  5.1617258e+000  3.7680938e+000  2.6731399e+000  3.9208704e+000  1.5857255e+000  4.0513383e+000  3.6146397e+000
  2.0000000e+000  3.0940309e+000  4.6537716e+000  3.8435737e+000  3.3428392e+000  2.3293067e+000  2.0500888e+000  4.0143402e+000  2.7052967e+000  3.3113224e+000  2.2044987e+000
  2.0000000e+000  3.6161301e+000  2.8423644e+000  3.1577569e+000  4.1331557e+000  1.2271517e+000  2.3714531e+000  3.0091194e+000  4.9323815e+000  2.5561879e+000  2.9359139e+000
  1.0000000e+000  2.4305107e+000  2.1595854e+000  3.8880149e+000  2.5001991e+000  2.9891240e+000  1.7796834e+000  2.7020749e+000  3.8116198e+000  3.2055748e+000  2.5670373e+000
  2.0000000e+000  4.3228754e+000  2.8257508e+000  3.3291300e+000  4.3574424e+000  2.2268259e+000  2.8819825e+000  2.3507413e+000  2.9494872e+000  2.5773948e+000  4.9144757e+000
  2.0000000e+000  1.8529645e+000  3.6307010e+000  2.6017221e+000  1.1846539e+000  1.3839357e+000  3.2438060e-001  2.1378501e+000  3.3031451e+000  3.3904267e+000  2.9457423e+000
  2.0000000e+000  2.3178449e+000  3.5948338e+000  2.0909373e+000  4.8296279e+000  2.5485320e+000  3.1669173e+000  4.2376568e+000  4.3853339e+000  4.1220112e+000  3.2394861e+000
  2.0000000e+000  2.2824281e+000  2.4956903e+000  3.0623536e+000  3.5827135e+000  3.8941040e+000  1.7312459e+000  3.4374643e+000  4.3893225e+000  3.6691121e+000  3.3335240e+000
  2.0000000e+000  4.6677323e+000  2.3070618e+000  6.3869657e-001  3.2507698e+000  2.4384290e+000  1.7500127e+000  3.5605281e+000  2.2135295e+000  4.0515996e+000  2.9792556e+000
  2.0000000e+000  6.6496967e-001  3.3255622e+000  3.7787111e+000  2.6765009e+000  2.9361896e+000  2.9910753e+000  4.3308771e+000  2.7857450e+000  1.7659821e+000  2.4869743e+000
  2.0000000e+000  2.9380121e+000  1.2178450e+000  4.3300498e+000  3.6223601e+000  4.6077998e+000  1.9819844e+000  3.5788478e+000  1.7466590e+000  3.6817833e+000  3.8899312e+000
  2.0000000e+000  1.7244530e+000  2.1885077e+000  5.8952819e-001  7.4924125e-001  4.1357319e+000  1.1065005e+000  1.7564654e+000  2.6971970e+000  1.7733365e+000  3.5462068e+000
  1.0000000e+000  2.4494282e+000  5.4408648e+000  2.3940092e+000  1.2328087e+000  3.3485891e+000  1.8088809e+000  3.7501281e+000  3.2678803e+000  2.9824167e+000  2.2268764e+000
  1.0000000e+000  3.4077083e+000  2.8901573e+000  3.3732933e+000  4.7976750e+000  4.0012281e+000  1.6702772e+000  3.0305620e+000  3.2739824e+000  2.8638588e+000  3.0213473e+000
  2.0000000e+000  3.1473783e+000  4.2922193e+000  7.6506282e-001  4.7357385e+000  1.9596024e+000  2.6919310e+000  2.0407094e+000  2.1974481e+000  3.5694906e+000  3.4329182e+000
  2.0000000e+000  2.2511968e+000  2.1362002e+000  3.0128640e+000  2.8746129e+000  2.6352658e+000  1.8552587e+000  4.2783085e+000  2.2645266e+000  3.0438304e+000  4.5773701e+000
  2.0000000e+000  4.4742564e+000  2.8597612e+000  4.7234355e+000  1.4682898e+000  5.3359934e+000  1.3597263e+000  5.7466383e-001  2.6503441e+000  2.3003991e+000  3.2291591e+000
  2.0000000e+000  1.7561392e+000  2.3550094e+000  3.7086414e+000  3.3969440e+000  8.0704170e-001  2.9138436e+000  2.6249732e+000  3.0262645e+000  1.4204997e+000  1.8316172e+000
  2.0000000e+000  1.9500180e+000  2.6341915e+000  2.3604703e+000  1.9481396e+000  5.5159262e+000  2.9070129e+000  2.8766352e+000  2.0693344e+000  2.2350213e+000  3.8390070e+000
  1.0000000e+000  3.6236953e+000  2.2895274e+000  1.8359855e+000  2.2178161e+000  2.5376551e+000  2.5826291e+000  1.7829900e+000  3.0420308e+000  4.5747088e+000  3.0656884e+000
  2.0000000e+000  3.0397565e+000  2.1206757e+000  3.2724593e+000  1.7971338e+000  4.1604804e-001  2.1568292e+000  3.5325642e+000  1.4274379e+000  3.4628498e+000  1.6551188e+000
  2.0000000e+000  4.2405745e+000  2.9943131e+000  3.5519056e+000  4.0663404e+000  2.2759747e+000  3.9127597e+000  3.2747197e+000  2.7302591e+000  6.3731517e-001  5.1190892e+000
  2.0000000e+000  4.2903431e+000  2.3089820e+000  1.9486404e+000  3.3972459e+000  3.4224721e+000  3.5340233e+000  2.4591392e+000  1.2330494e+000  4.8365336e+000  2.7457979e+000
  2.0000000e+000  3.9920345e+000  5.2601348e+000  3.8153498e+000  3.2721930e+000  2.0785532e+000  3.5352353e+000  3.9076657e+000  2.9170756e+000  1.3430363e+000  2.4781433e+000
  2.0000000e+000  3.6131067e+000  4.9983208e+000  3.9151515e+000  1.0195825e+000  2.1352300e+000  3.3059218e+000  3.7390429e+000  2.9211417e+000  2.8357558e+000  1.3394531e+000
  2.0000000e+000  4.3387132e+000  1.7598902e+000  3.0538423e+000  2.4356194e+000  4.7779922e+000  4.0879192e+000  1.8633950e+000  2.3801966e+000  3.2133579e+000  3.0549858e+000
  2.0000000e+000  3.6279202e+000  3.6888428e+000  2.4052725e+000  4.5787072e+000  3.3485604e+000  1.4115900e+000  3.8530434e+000  4.6689966e+000  3.3239751e+000  4.1539621e+000
  2.0000000e+000  2.0792558e+000  4.4144598e+000  3.9567706e+000  3.7844073e+000  2.7473717e+000  4.5348390e+000  4.3871201e+000  3.7729318e+000  2.4133888e+000  3.9454097e+000
  2.0000000e+000  3.7574944e+000  3.8460168e+000  3.2963760e+000  3.8027484e+000  3.5042868e+000  3.1757945e+000  2.7673742e+000  2.6432934e+000  4.2811677e+000  2.2760413e+000
  2.0000000e+000  2.1849984e+000  2.1867821e+000  2.2630146e+000  2.7327803e+000  4.3721629e+000  8.0818471e-001  3.6441733e+000  3.7208794e+000  1.8885261e+000  3.8208605e+000
  1.0000000e+000  2.3801558e+000  2.8193677e+000  1.6186046e+000  1.5707725e+000  3.6223207e+000  4.5439812e+000  4.5462986e+000  3.5072628e+000  3.3061849e+000  3.8110536e+000
  2.0000000e+000  4.1259647e+000  4.4237774e+000  2.9199452e+000  3.2860349e+000  3.9932534e+000  4.6858600e+000  2.3882409e+000  1.8182862e+000  1.9214923e+000  3.4940515e+000
  2.0000000e+000  4.4426690e+000  1.3803930e+000  2.5868557e+000  4.5363905e+000  1.3899198e+000  2.7478146e+000  4.3562443e+000  3.3811031e+000  3.8752518e+000  2.3463770e+000
  1.0000000e+000  3.7520394e+000  2.2260068e+000  3.2264382e+000  2.3911915e+000  4.6600413e+000  2.1277234e+000  2.1613501e+000  3.3720053e+000  3.6297482e+000  2.5421033e+000
  2.0000000e+000  3.0633833e+000  1.3560816e+000  4.8502863e+000  2.4347692e+000  3.3860129e+000  2.5797298e+000  2.9521893e+000  1.9869628e+000  2.5958794e+000  1.8153802e+000
  2.0000000e+000  3.6876969e+000  3.3152929e+000  2.2118203e+000  3.7431861e+000  4.6726959e+000  3.9248399e+000  2.7285546e+000  1.3244134e+000  3.7868994e+000  8.3191412e-001
  2.0000000e+000  5.2276527e+000  4.0995087e+000  2.5378020e+000  3.2107665e+000  2.6876155e+000  2.1036484e+000  1.8838004e+000  3.1351045e+000  2.8690958e+000  2.1936649e+000
  1.0000000e+000  3.0356730e+000  2.0751504e+000  2.5632732e+000  1.0474511e+000  3.3711411e+000  3.4980862e+000  3.8175470e+000  3.3603622e+000  1.5498273e+000  4.8808100e+000
  2.0000000e+000  2.8457033e+000  3.6248624e+000  3.5450830e+000  3.1082370e+000  4.7990416e+000  2.6578711e+000  3.4764618e+000  2.5081998e+000  2.6924621e+000  3.2600971e+000
  2.0000000e+000  2.4504509e+000  3.0749879e+000  4.0208953e+000  1.6349659e+000  2.1465668e+000  2.8936934e+000  2.6727687e+000  2.9121056e+000  5.4187814e-001  2.5205157e+000
  1.0000000e+000  2.9472178e+000  1.8741080e+000  3.6417216e+000  6.9408156e-002  4.2059191e+000  1.3437252e+000  4.0466525e+000  3.5465520e+000  1.5830235e+000  3.1516301e+000
  2.0000000e+000  1.9788738e+000  4.2364678e+000  1.9748321e+000  2.2969109e+000  5.4471026e+000  1.7598218e+000  2.7240769e+000  2.9128692e+000  2.4710537e+000  1.5247202e+000
  2.0000000e+000  2.5441545e+000  2.2729370e+000  3.3259925e+000  3.0739188e+000  4.2708724e+000  2.9702700e+000  2.5436434e+000  2.6903820e+000  1.7962153e+000  1.2430798e+000
  2.0000000e+000  9.7764829e-001  2.5896275e+000  2.7480061e+000  2.4761020e+000  3.9383782e+000  1.9631580e+000  4.1634130e+000  3.4666839e+000  3.7606593e+000  2.3649871e+000
  2.0000000e+000  4.6203541e+000  2.2797093e+000  3.1494477e+000  2.9387032e+000  3.6465769e+000  3.2392838e+000  1.7599231e+000  2.4677255e+000  2.9561587e+000  3.5438272e+000
  2.0000000e+000  8.8367644e-001  2.8965981e+000  4.1057488e+000  2.7543232e+000  2.9135781e+000  3.9897418e+000  2.5254026e+000  3.5849218e+000  2.6951711e+000  1.0343833e+000
